1000 3983
918 424
353 412
40 355
873 673
546 949
137 650
748 233
143 801
817 172
223 654
216 27
125 813
402 549
653 391
724 3
558 878
84 680
35 581
708 878
502 143
520 375
637 277
902 288
519 333
45 886
901 146
866 485
885 31
573 543
509 569
712 130
527 667
446 737
237 60
58 856
250 873
70 921
806 225
920 728
334 641
861 354
529 239
868 952
571 844
867 454
128 197
21 446
335 451
999 107
642 280
469 727
482 61
607 67
243 87
891 678
706 591
338 471
195 506
67 50
145 388
236 849
827 843
237 39
482 129
874 66
725 382
75 965
387 349
561 162
435 556
861 698
216 613
961 863
23 389
154 263
660 207
849 352
689 150
390 795
585 104
611 198
731 131
654 539
332 598
872 918
18 693
810 817
172 955
633 428
637 307
882 227
829 729
786 62
173 176
772 355
261 561
929 417
839 229
563 559
743 734
444 175
341 9
799 232
164 741
150 459
879 389
131 347
706 483
432 834
559 790
234 738
243 769
151 303
332 647
105 354
89 85
551 854
55 565
954 899
94 138
418 113
651 382
843 985
479 345
611 733
477 507
882 658
166 164
116 791
715 693
356 20
205 832
687 165
756 16
637 439
633 519
170 378
722 102
691 733
570 565
89 923
311 807
903 225
442 621
894 943
821 512
981 771
304 787
615 437
825 959
1 912
36 689
259 628
401 962
383 557
984 17
586 45
462 1000
346 810
974 138
368 545
490 460
484 404
13 170
734 81
224 971
794 686
325 563
774 646
491 680
914 944
803 139
325 414
504 885
936 710
60 614
629 165
650 294
939 814
343 871
619 423
795 438
924 453
191 938
515 892
93 481
946 732
436 434
992 746
624 566
305 569
155 171
803 764
416 649
175 950
550 971
530 117
822 252
337 91
431 962
68 958
605 686
974 929
245 500
459 273
472 509
304 211
543 153
269 44
252 47
674 472
301 8
742 593
265 450
407 573
928 258
953 939
279 640
56 37
150 682
322 194
825 955
716 541
845 101
630 976
251 997
544 595
116 413
893 23
656 74
968 769
235 913
55 662
442 612
709 590
918 985
16 174
269 544
886 996
301 842
940 302
729 25
860 551
358 900
398 376
792 645
315 141
1000 390
926 878
879 163
681 719
984 773
713 584
417 301
709 446
138 265
150 702
12 553
892 823
883 877
828 924
93 94
668 730
797 652
301 455
707 3
459 155
82 441
586 784
984 873
355 342
794 774
744 560
623 571
590 370
175 264
246 109
864 763
360 514
660 137
630 117
706 362
389 953
775 960
70 128
311 706
227 345
225 161
613 130
469 206
22 218
578 911
494 76
508 425
841 812
941 234
900 729
806 993
117 640
542 139
318 412
312 352
744 930
807 634
433 512
978 746
514 360
885 763
267 968
172 187
442 65
526 995
795 220
419 431
747 988
152 483
936 243
781 453
724 321
9 372
593 197
613 505
824 121
826 24
442 736
316 452
851 620
599 620
844 486
586 867
663 843
817 857
358 479
646 244
678 715
600 124
389 398
404 540
332 866
565 857
848 662
798 298
17 874
871 57
814 475
530 996
904 628
681 394
651 708
743 248
328 264
286 494
136 220
227 242
709 869
111 548
113 984
789 334
652 216
967 871
402 746
217 897
679 368
429 466
611 747
338 726
803 410
665 866
939 890
689 93
448 934
554 303
437 286
373 51
512 658
778 967
85 174
284 685
185 872
730 962
125 882
22 950
750 109
193 531
232 413
559 918
153 16
285 316
857 995
198 508
845 572
987 186
143 379
680 240
384 693
792 807
844 462
922 527
109 793
388 775
803 157
989 722
979 711
160 676
746 761
107 929
870 803
695 508
545 269
830 224
781 894
166 72
655 524
936 77
966 41
598 68
805 331
774 653
577 206
778 510
896 834
719 390
51 460
797 549
45 585
142 387
129 837
535 157
663 695
882 219
791 716
556 273
144 845
433 896
259 213
944 539
382 484
21 625
541 569
496 616
659 742
974 109
986 885
139 122
345 425
378 20
334 904
915 819
559 604
112 182
563 674
86 543
251 20
662 789
575 8
611 247
697 600
157 127
138 664
893 110
406 365
38 840
271 356
43 481
100 151
644 138
689 615
810 640
895 764
986 274
251 983
251 218
447 516
303 594
120 691
154 560
670 993
862 972
740 581
162 918
967 621
419 256
698 514
942 740
172 225
879 322
357 148
110 402
596 126
632 76
965 483
234 403
608 213
717 622
624 10
361 646
201 768
56 619
641 336
933 988
85 644
391 15
735 757
192 460
499 976
242 990
597 693
274 47
744 615
434 111
25 635
676 101
174 962
501 476
187 415
936 623
682 914
368 7
812 192
410 869
304 495
277 188
232 52
42 593
235 375
554 729
260 912
338 89
432 279
409 495
562 660
492 476
933 32
856 504
306 680
139 835
97 670
781 25
874 271
806 946
248 41
282 265
62 148
625 173
612 350
92 692
178 540
370 816
233 199
959 874
340 165
273 344
808 264
769 861
121 555
252 730
173 898
535 108
162 996
652 783
898 607
153 133
169 375
998 252
921 745
458 639
613 457
398 289
338 745
333 69
912 306
281 80
726 972
742 159
82 150
562 788
859 667
465 373
494 94
15 94
148 383
710 251
298 690
684 506
530 746
89 247
906 409
541 690
991 23
329 941
343 488
178 195
619 540
281 493
541 928
713 872
583 379
378 145
873 250
235 399
405 77
880 108
665 771
747 592
935 964
854 953
999 410
594 499
884 313
529 386
857 428
160 203
728 319
626 197
658 187
89 612
812 325
54 120
695 420
324 966
298 133
547 91
356 186
179 269
477 456
400 751
128 97
403 731
518 418
91 114
761 834
285 163
911 518
78 240
172 571
6 280
980 663
836 783
18 947
567 670
868 424
268 911
736 803
498 463
315 149
4 264
354 114
312 187
640 327
347 167
677 217
488 483
944 1
732 112
578 325
643 702
247 59
790 649
364 108
623 5
433 192
632 179
532 796
676 727
908 950
661 119
969 53
988 104
524 291
146 183
870 47
923 429
802 928
993 957
97 102
719 202
976 536
300 675
773 931
449 441
720 261
169 935
946 156
115 407
509 811
756 129
406 133
917 871
940 624
373 387
24 166
726 36
173 755
83 62
642 727
709 43
179 144
747 433
886 537
141 837
750 484
702 42
963 609
96 931
793 779
731 706
252 257
502 676
921 874
898 263
295 665
20 995
989 507
629 171
105 384
528 251
327 886
350 866
71 511
487 156
792 59
529 581
671 743
490 891
434 85
901 795
338 958
63 34
735 380
273 332
883 266
413 228
787 246
551 497
563 67
292 100
612 425
104 468
533 158
723 37
64 771
873 445
856 220
83 436
197 401
750 116
789 795
931 179
530 357
282 420
616 935
486 442
181 3
143 272
958 186
750 393
190 387
482 95
630 893
225 633
691 117
831 928
280 793
639 413
767 936
709 146
226 622
482 479
390 891
972 445
231 818
348 743
799 487
208 561
309 571
468 845
312 181
580 335
379 543
354 402
607 963
612 795
506 641
737 775
713 4
286 728
585 321
618 8
229 895
730 820
533 406
450 529
97 749
342 329
730 904
585 619
521 547
634 158
998 548
834 379
615 407
616 783
375 473
303 187
878 686
231 397
806 876
662 345
569 269
437 517
292 376
523 337
185 634
906 21
847 962
87 785
9 358
521 152
376 800
677 974
551 212
42 146
708 184
374 781
387 993
338 679
804 726
288 350
255 233
482 325
260 519
625 74
185 156
39 398
678 41
810 820
661 676
692 491
320 979
228 347
796 303
28 341
871 433
379 334
841 334
322 204
425 775
739 24
391 344
531 529
903 792
436 1
228 284
258 909
858 591
365 514
350 458
475 149
318 873
230 382
116 267
378 421
732 942
880 843
210 69
483 487
842 441
190 633
482 808
694 413
387 238
978 897
588 798
754 315
390 913
283 25
532 455
677 674
5 342
853 945
289 665
760 350
252 818
153 725
706 849
106 985
953 649
737 553
566 702
309 873
242 738
54 470
197 437
801 425
422 47
555 548
195 176
980 600
753 210
534 706
490 693
452 652
286 709
768 892
279 974
245 148
431 564
319 238
306 888
48 23
958 277
840 367
763 367
771 590
167 19
491 801
991 980
119 319
747 663
739 387
860 375
494 740
933 456
344 282
504 48
64 650
583 591
28 156
948 374
224 567
913 260
122 640
252 824
115 362
191 855
145 309
314 320
119 388
944 610
904 122
937 900
98 317
993 596
93 496
990 590
13 69
702 778
455 235
29 162
773 236
999 336
460 9
343 985
159 501
410 813
83 728
450 220
346 666
273 931
597 1000
4 426
63 609
509 100
313 554
535 470
547 613
732 803
328 786
295 440
546 218
332 931
889 890
934 865
209 560
886 445
905 568
620 204
140 971
867 644
343 491
323 106
78 825
357 253
641 936
482 872
744 357
984 593
48 393
885 786
66 596
116 75
421 538
504 381
553 256
756 517
452 185
470 384
107 310
632 987
496 541
33 807
959 400
370 721
952 438
207 200
24 130
497 605
95 371
23 290
557 227
266 252
753 899
949 346
445 391
456 511
510 829
931 803
264 285
539 87
835 316
500 678
838 339
394 272
967 988
790 33
903 979
420 12
805 101
126 368
725 16
135 915
266 149
501 500
105 505
827 537
911 760
198 208
464 670
582 944
785 453
939 140
150 208
432 313
485 968
219 721
955 126
617 492
31 949
79 71
426 578
928 76
83 903
980 979
612 600
413 263
964 65
181 58
865 949
183 875
95 549
258 501
433 242
673 961
1000 673
561 589
916 517
715 327
568 892
520 420
916 240
336 346
236 353
511 593
996 677
448 53
1 391
922 351
99 846
90 124
654 674
718 193
770 110
242 194
661 173
246 576
512 386
604 557
748 231
198 78
146 237
990 492
963 336
680 274
81 400
912 300
604 50
330 382
124 236
659 968
945 976
771 477
510 253
762 775
699 149
328 991
804 888
144 269
629 767
370 812
497 937
119 650
236 424
606 311
953 882
942 327
782 579
169 450
930 638
607 729
34 601
427 549
562 539
236 247
1 277
284 195
362 66
863 608
439 887
468 711
429 399
541 10
86 278
296 157
274 154
669 271
463 211
371 945
516 550
983 134
872 647
65 523
286 964
295 577
438 732
91 769
35 929
767 718
988 353
743 223
185 361
61 930
754 223
950 383
953 340
520 643
122 538
712 649
327 880
62 961
250 187
854 224
495 746
800 528
645 951
516 956
737 703
743 425
298 765
611 497
179 178
617 375
115 223
965 499
155 456
79 470
89 961
643 501
838 754
734 375
957 761
714 974
160 587
136 689
444 483
226 651
731 932
676 225
492 139
125 873
143 660
531 954
788 74
693 722
569 3
945 27
74 555
402 237
88 304
964 997
919 137
436 917
29 477
659 682
120 198
988 893
166 110
591 554
4 712
28 119
581 755
367 248
302 973
571 302
874 368
755 14
59 625
391 386
417 127
546 410
59 159
60 559
156 34
387 815
386 379
73 40
539 900
561 648
493 403
827 780
109 508
748 932
345 783
892 908
973 276
895 589
940 771
137 486
260 509
426 754
544 467
794 423
797 444
406 5
889 553
317 927
715 806
636 916
983 624
800 946
279 920
107 588
755 154
907 66
770 730
532 265
765 6
347 204
950 594
175 863
813 667
953 352
534 653
222 893
597 942
507 811
573 68
810 264
276 261
999 993
922 552
322 982
36 196
777 126
901 209
116 762
680 547
92 233
98 784
836 647
237 723
305 153
97 643
375 305
184 78
997 651
837 714
766 658
106 955
700 88
630 174
801 318
99 816
643 411
974 935
552 206
217 936
666 536
864 790
569 857
567 124
723 634
797 605
398 43
355 223
358 515
52 761
694 133
728 617
648 490
345 400
975 974
997 346
704 226
400 182
599 694
574 110
621 625
505 3
109 44
966 946
647 229
51 741
155 897
69 802
99 143
911 391
865 100
65 669
931 150
239 163
268 264
845 500
874 738
580 541
564 649
256 371
514 697
492 248
722 132
375 243
600 633
240 50
650 308
536 685
955 689
637 366
903 870
920 678
784 912
331 470
26 831
7 908
961 389
150 829
697 641
623 64
148 738
187 917
703 289
857 329
522 306
689 878
285 293
245 953
197 22
858 901
25 474
587 21
671 716
976 532
206 712
972 794
594 516
821 562
120 778
216 493
214 101
478 425
369 457
969 408
869 601
266 977
345 611
125 689
885 182
390 680
141 44
695 849
298 779
474 743
771 351
458 823
675 734
817 863
234 968
267 360
17 181
508 832
272 651
537 112
129 407
46 3
537 93
745 315
563 397
821 945
828 487
977 659
971 260
948 869
581 985
479 543
177 729
686 679
231 609
496 885
538 725
946 115
581 619
784 351
606 128
71 792
273 784
672 853
575 868
296 56
925 87
347 931
943 620
897 53
60 154
45 997
354 765
22 380
348 292
686 267
71 33
148 437
911 614
735 863
456 665
73 925
90 60
523 715
171 459
820 333
425 251
636 616
143 859
469 716
451 16
112 975
54 53
443 372
910 336
301 167
793 412
998 890
927 650
868 60
367 999
58 894
578 262
687 911
146 142
389 831
49 866
998 620
170 854
898 979
204 698
896 344
432 652
313 114
279 4
497 578
825 783
709 703
933 53
440 62
754 869
381 944
299 724
752 635
575 7
416 135
937 664
312 566
853 638
48 613
300 11
908 484
770 572
298 62
398 382
819 398
476 348
322 417
878 910
270 655
648 116
965 184
42 417
206 529
194 803
421 537
19 737
879 277
536 444
212 637
623 266
399 777
230 596
364 28
340 951
876 535
180 40
250 267
979 681
443 673
671 742
349 932
469 962
499 299
817 162
711 876
875 638
129 918
966 902
388 780
351 540
694 750
901 610
902 777
358 377
744 285
897 801
106 512
455 989
633 287
151 399
958 570
172 963
428 70
31 283
922 534
495 93
989 997
996 445
845 476
43 118
746 731
468 695
613 667
510 818
133 646
723 391
22 756
564 427
487 207
704 879
547 655
780 94
945 682
332 369
480 911
773 506
439 884
570 354
314 908
529 603
249 470
666 234
717 574
385 725
111 718
237 830
893 4
358 560
489 775
162 167
681 913
724 141
728 830
686 59
985 901
674 474
985 382
184 714
674 999
885 580
687 775
20 128
330 651
180 269
954 537
605 307
823 298
722 247
766 302
385 395
222 535
353 360
449 613
961 15
611 700
494 329
552 747
735 658
958 374
711 644
979 32
250 423
341 399
917 569
446 966
952 619
259 380
400 5
57 378
55 384
306 867
55 784
754 555
551 557
887 669
810 755
819 607
923 824
957 763
455 593
804 958
591 626
143 911
288 216
447 723
96 963
575 274
506 773
650 226
190 697
837 104
385 745
12 564
271 765
533 882
413 793
685 378
143 876
7 269
746 60
998 39
669 763
223 469
479 485
616 507
388 277
924 199
56 199
608 60
871 131
331 421
438 691
220 641
372 908
20 845
546 951
453 611
330 398
933 819
915 646
283 257
524 479
879 126
347 894
306 960
799 244
500 448
734 154
660 550
687 315
156 500
931 663
949 190
418 213
823 219
364 990
140 718
655 828
890 380
772 290
19 552
88 807
703 306
695 962
234 290
914 547
998 501
213 702
6 860
496 539
18 675
430 568
622 935
468 276
896 925
312 59
893 462
893 576
705 242
525 841
682 156
859 881
262 709
32 838
608 108
646 495
298 358
220 36
758 602
241 689
52 566
416 364
176 204
627 489
474 661
67 295
68 810
738 509
967 995
10 603
72 292
459 808
561 459
235 161
692 156
868 461
117 262
565 710
659 217
205 530
679 145
836 134
592 566
228 683
190 813
414 691
197 7
117 17
494 352
518 355
131 101
485 690
417 195
71 146
290 899
685 12
476 950
168 690
541 409
473 868
507 744
214 585
136 270
406 560
944 566
559 950
498 349
558 369
419 77
505 609
163 231
752 378
571 982
150 185
546 754
467 216
906 376
680 876
223 117
324 297
166 228
922 209
196 94
54 928
158 558
57 481
510 52
240 831
715 410
848 153
975 232
500 507
226 653
277 21
251 200
188 801
475 628
229 477
271 707
187 551
382 405
775 462
697 659
556 356
662 934
965 382
822 434
266 721
148 232
397 309
245 566
253 152
633 24
218 580
761 76
682 612
639 984
161 250
812 436
765 997
372 247
104 431
493 187
605 840
691 607
522 25
724 934
422 634
871 7
242 147
332 155
437 850
49 299
461 138
172 24
558 926
241 307
892 16
561 970
190 720
85 37
226 497
774 243
672 259
826 956
607 759
124 390
198 791
822 55
867 844
26 374
424 687
688 672
101 839
682 300
949 990
565 469
823 762
151 424
200 972
891 39
516 571
112 500
662 655
539 338
115 601
382 150
488 464
512 870
393 13
296 983
345 123
953 203
502 685
532 565
809 11
392 786
923 300
437 346
239 156
552 968
60 835
351 197
447 4
355 137
964 379
75 192
891 957
872 731
570 238
229 594
406 72
303 416
122 240
679 786
705 389
457 993
199 221
764 837
492 599
655 971
150 213
945 950
695 590
979 751
786 423
315 60
767 794
612 990
807 516
893 905
934 238
125 772
126 366
789 953
647 179
209 139
178 118
410 585
277 679
746 891
245 757
129 770
319 808
696 653
331 744
944 340
195 475
538 788
396 634
899 807
752 88
596 26
562 920
823 449
579 349
453 543
95 650
803 1
188 686
718 587
994 400
593 310
758 616
523 806
252 330
166 250
607 960
753 896
825 276
533 649
411 519
767 82
6 471
378 151
668 75
552 784
100 692
939 482
230 975
225 148
878 697
505 57
490 370
780 947
82 827
222 377
14 911
226 139
290 232
273 646
149 607
436 614
257 794
123 633
650 560
974 184
745 240
439 641
298 455
193 515
348 396
456 164
16 309
430 787
840 637
800 242
554 259
217 13
81 792
223 543
815 734
119 266
522 8
959 369
902 656
729 293
881 277
241 545
607 357
187 140
829 910
821 851
147 587
697 220
368 63
701 273
554 703
581 375
956 92
663 560
121 60
532 266
152 835
191 27
574 796
621 907
851 114
96 646
715 126
568 628
64 967
466 458
902 667
420 796
66 680
424 575
181 10
174 480
174 893
217 253
31 516
177 686
146 409
432 983
388 836
446 295
102 626
739 260
744 801
632 465
844 778
166 739
626 769
69 91
574 319
613 817
961 82
219 117
272 856
733 140
428 577
399 11
792 649
823 678
485 957
25 437
581 181
506 46
343 293
539 508
18 553
291 474
260 618
716 900
3 108
247 617
240 257
684 742
951 784
900 699
540 448
937 322
673 885
244 750
90 523
715 728
182 100
952 78
986 449
436 243
976 226
468 723
859 309
972 183
631 397
213 889
97 184
309 539
898 361
54 837
273 79
817 200
682 237
382 721
861 64
644 544
212 529
902 13
950 281
973 837
478 247
524 911
698 309
81 3
827 462
114 487
808 909
589 923
192 965
133 267
756 81
835 44
149 524
98 359
341 639
302 689
297 708
25 944
192 177
886 478
867 712
210 150
690 567
506 308
632 744
420 663
425 983
132 369
59 280
862 863
736 940
238 939
837 551
894 494
70 633
456 454
50 468
679 230
997 78
445 137
629 541
760 135
727 39
719 478
873 486
646 399
207 774
661 877
664 248
104 268
720 867
351 993
179 313
657 975
159 206
427 868
134 675
169 233
270 539
108 798
388 966
96 742
525 747
425 63
718 189
756 877
308 432
509 399
992 199
2 721
89 779
456 763
819 928
266 948
388 79
682 875
351 990
116 107
233 265
154 313
766 108
520 218
163 962
352 468
833 677
497 274
605 641
289 737
430 304
685 645
5 906
637 167
910 241
82 437
180 469
939 131
294 203
631 371
791 680
239 170
58 570
198 793
876 829
946 953
946 664
528 366
72 408
542 386
988 247
507 967
87 344
864 144
666 780
990 381
599 237
172 477
498 879
679 8
895 495
727 327
951 995
99 257
545 693
274 258
299 672
885 589
560 580
390 565
309 232
943 278
410 888
826 495
960 114
861 571
974 37
849 497
202 320
225 626
506 681
469 62
79 655
169 8
370 383
357 246
942 433
253 715
717 988
755 363
9 149
775 744
570 679
783 584
946 204
942 881
18 913
330 912
704 373
571 500
74 316
4 605
927 922
753 176
784 230
111 290
562 545
642 681
102 923
658 243
98 551
745 196
900 757
585 715
451 748
242 908
605 944
194 116
559 522
472 767
746 983
879 203
255 817
831 43
403 555
441 949
731 691
766 850
116 361
111 700
638 353
38 873
704 251
470 480
679 954
247 792
965 303
353 897
116 206
668 426
815 240
294 944
580 925
194 727
104 199
97 48
173 186
541 292
171 346
920 852
982 883
419 517
451 960
752 667
318 105
621 520
640 190
18 423
886 493
411 946
935 604
606 238
205 243
59 40
202 484
60 659
756 386
912 38
25 294
712 627
881 610
500 58
722 128
822 861
661 832
922 51
940 580
692 708
555 486
797 737
692 248
477 650
750 477
192 790
680 759
607 160
248 656
617 250
827 222
157 142
768 155
623 314
56 721
782 437
611 471
610 855
298 285
728 996
140 192
855 715
359 443
598 972
312 671
863 53
319 990
247 964
554 892
601 465
726 770
775 121
135 701
548 955
466 794
804 593
271 427
859 602
60 496
49 294
795 443
507 697
707 549
356 650
241 796
401 634
2 53
256 503
615 271
721 107
41 38
890 256
635 154
73 152
488 184
861 787
372 335
100 442
441 368
308 332
370 831
169 383
800 44
672 868
462 4
738 430
364 952
479 278
156 192
827 120
406 153
846 200
882 784
498 406
208 270
810 270
902 206
533 342
246 143
250 328
877 886
620 157
755 248
860 756
221 983
369 535
505 851
274 266
390 245
961 514
183 420
627 36
187 667
961 956
366 111
50 12
924 876
106 247
99 570
405 193
835 868
422 809
735 67
525 603
625 533
757 931
545 655
390 975
709 328
820 733
97 825
811 425
88 530
288 21
526 647
92 8
97 128
375 974
506 72
676 623
487 935
265 628
999 745
924 575
400 595
234 399
691 772
822 854
357 797
940 26
211 912
653 351
286 948
108 142
254 873
744 19
689 391
610 102
630 433
833 753
232 467
409 517
150 911
990 310
737 590
469 271
4 773
133 647
75 247
686 695
630 187
919 769
80 758
436 108
32 18
314 405
42 353
84 305
550 611
185 77
392 280
258 943
217 333
651 143
208 799
192 185
458 252
999 867
463 346
525 864
650 981
598 373
980 110
532 898
235 864
315 441
392 868
828 446
837 243
854 483
130 908
20 976
444 220
56 132
957 482
82 523
973 825
334 986
185 755
640 459
398 968
306 707
131 995
312 224
595 729
234 881
741 262
210 50
158 348
504 866
279 452
371 715
845 848
19 196
569 851
771 176
156 692
660 424
872 887
307 593
239 230
873 322
292 662
599 357
141 400
343 649
371 698
655 991
279 630
695 181
739 131
381 461
133 943
473 352
891 968
417 260
832 980
796 89
940 300
578 738
522 63
432 69
490 311
90 8
699 440
193 549
33 921
424 578
132 470
403 931
404 973
599 13
861 812
563 152
621 173
365 463
57 948
709 906
910 701
562 937
856 307
823 798
364 404
839 884
638 487
294 722
878 693
345 780
815 224
257 725
922 983
872 420
619 605
898 21
871 296
433 71
596 530
843 854
879 788
150 140
644 636
84 614
346 844
896 787
453 911
933 674
718 349
903 247
778 515
342 729
592 582
482 318
388 389
693 60
571 262
474 736
156 289
756 391
302 337
374 603
89 594
665 674
363 489
651 413
872 279
288 105
864 485
116 811
726 669
933 148
808 563
927 275
365 230
921 701
607 980
26 316
773 65
299 711
916 22
958 702
588 994
583 66
775 542
599 330
632 560
865 723
17 676
126 537
926 37
628 924
374 294
644 251
870 215
1000 211
115 928
966 71
845 891
139 621
168 48
755 734
429 389
613 684
532 289
475 597
280 475
816 461
710 92
347 378
843 753
631 688
958 481
243 323
744 225
459 974
252 211
823 560
582 732
596 727
478 291
574 890
5 583
415 29
210 718
408 805
802 974
422 235
885 461
273 727
957 370
222 707
453 350
196 718
16 577
767 359
334 871
97 408
292 94
706 351
606 705
241 199
371 410
746 195
789 640
493 453
636 773
88 987
492 881
674 68
413 427
431 405
953 19
745 393
252 244
388 893
261 333
560 154
907 472
372 236
698 181
962 931
376 963
577 94
720 860
869 749
675 5
117 721
537 115
431 993
887 145
68 546
865 121
162 115
235 407
52 271
57 500
509 987
783 505
910 432
854 32
317 848
811 802
952 327
858 213
577 496
897 721
179 987
774 291
819 946
533 674
964 459
91 329
797 599
186 130
764 782
123 687
312 914
459 225
666 13
1000 650
226 650
954 677
933 23
529 437
972 657
251 517
185 992
476 589
493 329
849 364
771 944
734 490
843 886
247 442
974 560
627 573
306 619
247 70
602 514
763 851
232 803
205 477
517 841
85 474
657 143
218 196
210 759
193 46
711 812
545 310
811 317
503 125
973 93
345 775
705 184
7 43
322 503
14 280
890 308
624 179
432 27
677 809
865 433
720 936
636 233
560 834
680 582
99 25
907 14
437 892
501 402
669 671
436 643
796 302
752 658
829 675
971 605
652 526
86 408
487 709
414 922
126 53
943 532
925 600
537 732
892 483
343 44
416 622
881 452
679 628
317 401
249 730
624 444
831 172
433 51
871 911
983 862
351 178
407 335
242 103
599 187
169 33
255 753
103 163
328 948
374 786
218 284
376 446
790 365
90 612
408 241
846 317
588 336
210 388
306 764
486 375
860 628
277 429
313 492
140 886
315 585
769 714
438 560
470 479
670 605
369 376
93 57
632 563
782 265
218 17
659 467
332 583
649 328
912 738
320 638
290 950
351 561
499 174
768 779
202 16
630 532
2 611
228 679
423 276
775 512
88 128
434 395
655 463
2 700
421 941
610 917
354 67
769 815
705 885
845 435
813 767
126 810
138 357
786 839
804 741
525 410
177 415
778 604
166 214
963 207
473 488
563 619
597 102
907 415
295 323
464 802
728 257
695 486
617 987
962 575
927 735
965 998
513 161
772 92
578 777
865 705
583 176
371 505
567 342
142 721
618 440
922 887
751 951
99 298
581 834
809 319
762 471
542 971
188 127
754 256
463 451
915 136
815 476
158 494
166 854
560 107
773 120
359 756
125 106
720 327
715 118
521 106
791 937
47 992
638 161
615 368
803 430
15 905
974 577
709 727
497 148
476 249
722 59
919 79
900 764
4 519
733 874
971 48
314 367
307 786
382 192
952 109
502 257
360 897
861 97
432 549
982 897
433 784
317 227
995 229
397 547
542 214
199 108
519 757
978 774
904 389
292 419
598 720
378 543
308 983
414 241
115 576
939 820
694 531
978 865
918 328
819 409
921 72
812 47
570 941
601 598
883 349
415 545
492 950
853 645
590 519
553 30
386 533
672 993
922 313
530 951
464 492
172 31
542 83
768 831
603 676
759 846
631 455
171 146
635 486
204 62
547 365
502 342
105 856
559 813
145 765
276 421
4 329
117 93
125 220
947 731
37 353
866 875
410 425
924 64
566 421
887 405
162 81
393 220
73 226
69 626
569 943
719 266
738 312
948 357
438 164
819 300
168 814
815 975
169 719
245 713
360 868
227 924
474 574
505 257
166 137
57 900
912 449
750 934
174 331
872 940
853 801
455 4
154 619
206 313
177 666
988 48
839 330
635 23
178 686
899 572
843 454
840 503
108 270
618 125
201 810
382 562
546 151
713 6
599 930
58 487
368 906
566 653
962 739
53 302
719 717
383 850
951 800
820 857
457 890
34 834
258 616
301 106
960 159
551 357
531 688
28 153
547 181
404 727
865 796
509 390
491 502
213 594
240 125
449 908
220 710
684 453
196 236
503 461
857 257
274 413
987 525
276 46
248 451
233 17
606 200
69 229
541 710
619 90
283 952
929 558
574 348
850 263
819 416
938 587
639 631
280 522
325 292
280 112
905 108
219 336
996 997
320 917
96 748
503 920
71 213
383 730
48 881
883 703
347 1
271 530
558 49
396 641
430 71
346 18
566 55
97 210
726 801
115 360
905 139
975 368
415 396
70 883
291 433
566 341
410 436
342 108
687 340
440 186
246 832
108 836
829 895
468 623
140 101
381 816
614 213
14 297
137 379
230 348
843 48
70 831
737 476
669 340
278 57
366 421
84 108
630 846
572 394
903 134
739 125
949 690
80 317
528 666
834 352
277 282
59 697
275 153
469 689
657 242
993 55
917 399
425 694
156 242
40 35
265 790
46 2
74 109
293 637
342 833
56 95
503 560
883 656
111 445
901 942
567 818
450 668
416 995
73 690
113 303
77 290
304 356
197 316
257 34
563 827
663 885
3 669
111 169
338 870
242 836
600 877
345 549
680 615
263 796
851 887
336 95
649 522
636 675
641 92
504 784
247 717
268 794
615 287
238 235
757 481
915 731
252 514
873 527
835 469
959 464
992 56
290 664
342 225
591 260
45 12
977 146
18 865
254 729
31 843
746 23
409 327
651 102
820 369
634 116
655 211
273 522
193 263
53 277
639 982
638 697
878 173
741 871
449 697
677 98
201 610
298 636
796 363
853 89
787 776
971 229
997 394
995 687
625 176
945 515
2 105
384 891
172 308
926 696
189 435
838 818
283 43
706 538
93 237
519 522
388 466
539 717
986 42
91 166
878 332
767 621
329 636
108 814
900 457
526 820
479 774
54 926
974 547
461 407
292 580
877 292
960 395
633 108
457 330
543 375
243 171
953 52
980 489
711 540
992 610
922 360
734 972
750 409
554 560
807 720
839 184
876 239
853 310
726 868
630 874
518 528
538 429
399 176
502 902
536 74
633 335
262 788
308 225
756 570
290 966
585 467
46 554
194 848
336 842
203 547
649 480
618 423
83 484
237 589
337 338
889 397
985 111
691 290
122 235
689 155
931 978
284 459
301 802
395 50
301 931
35 10
459 591
181 157
418 748
97 987
867 583
294 177
972 764
421 676
161 615
130 826
71 391
644 815
79 108
175 444
551 922
87 928
800 687
666 228
644 91
853 424
188 471
440 615
278 790
462 132
923 156
464 992
677 823
204 708
635 469
231 591
302 160
327 151
816 842
569 657
885 345
363 500
259 730
744 654
948 764
696 176
670 286
885 54
551 5
928 531
642 701
857 30
772 851
773 938
513 611
699 493
599 20
599 640
61 143
437 72
879 466
702 375
64 993
942 894
1000 112
266 947
260 201
433 598
779 746
682 832
761 166
337 519
519 773
484 887
698 649
209 482
783 382
398 606
760 476
858 732
242 370
222 176
61 49
823 629
681 451
431 820
194 151
322 841
164 70
132 193
608 446
532 489
22 130
58 426
209 760
888 77
356 974
425 377
310 967
671 662
163 623
809 147
704 567
735 940
369 962
811 617
106 4
702 970
455 684
484 299
611 221
931 777
725 599
109 284
731 585
412 377
7 34
13 833
815 521
536 626
717 739
729 53
669 697
462 894
856 480
912 665
13 991
232 378
614 531
496 374
467 561
746 758
506 531
591 866
587 647
953 249
470 350
527 254
666 854
258 229
113 174
480 122
348 749
981 926
835 834
103 683
324 655
272 66
752 902
125 205
609 456
998 830
168 439
899 104
376 941
2 572
452 456
863 138
712 645
389 400
173 135
191 308
972 678
662 826
51 889
444 541
694 414
554 550
580 74
47 709
380 883
424 382
655 436
906 107
291 595
646 312
636 119
113 570
814 702
779 990
282 317
248 866
314 763
764 394
365 328
630 740
761 179
784 631
155 328
110 344
197 955
202 404
634 990
749 306
473 20
200 571
378 942
373 992
185 108
135 279
693 605
53 843
754 893
519 305
244 384
306 383
10 182
652 129
224 640
381 734
649 240
998 362
178 3
454 293
324 288
15 424
794 42
882 783
689 925
371 47
357 602
462 798
441 955
272 999
767 218
20 515
29 98
226 38
556 19
407 150
327 145
107 566
421 464
760 694
289 660
484 420
915 949
383 97
93 155
346 846
433 551
307 992
799 783
402 654
136 451
844 227
88 806
213 608
304 319
366 99
199 68
531 206
613 854
477 462
364 536
167 447
420 757
624 307
846 512
121 80
313 183
84 32
711 707
694 396
485 178
566 823
988 384
41 821
718 579
735 636
491 259
198 130
662 230
419 990
308 730
469 543
122 580
397 692
46 127
289 57
244 814
875 491
298 932
297 133
551 873
993 193
87 284
974 270
245 564
888 344
116 901
561 483
28 815
937 594
237 261
307 83
264 836
695 994
57 603
539 41
918 611
494 655
854 877
907 946
673 963
208 234
848 515
291 930
734 969
240 138
327 339
891 629
594 30
791 867
446 880
405 741
877 829
974 759
52 500
603 355
357 519
532 522
119 960
312 667
103 174
94 902
874 780
842 222
315 990
510 115
130 719
680 875
638 626
479 62
49 955
180 55
386 576
784 75
902 796
697 155
137 613
71 560
9 456
765 615
472 518
994 482
746 111
626 882
699 403
48 178
502 62
912 345
697 202
982 235
853 929
622 648
380 610
742 639
129 442
335 689
357 543
601 743
724 194
226 241
459 107
778 870
2 929
851 291
508 746
205 292
28 959
572 748
854 893
345 298
336 847
859 312
703 386
781 197
626 815
9 241
584 438
167 309
471 806
211 700
106 689
204 849
699 361
495 445
884 849
986 952
939 535
299 428
994 197
459 859
830 210
452 246
908 649
778 198
728 368
750 396
685 447
405 458
403 325
714 444
253 115
612 213
18 241
677 805
435 830
248 868
998 439
253 574
13 237
199 723
604 567
973 760
50 7
442 568
325 329
796 783
796 597
142 523
408 776
54 534
847 987
438 762
78 871
27 515
169 395
62 989
774 981
109 183
572 511
356 24
385 749
238 798
784 866
96 796
337 517
321 948
405 307
779 444
543 402
712 853
440 573
643 993
88 22
274 826
228 185
660 499
222 776
136 656
115 267
474 41
659 733
839 987
342 387
353 999
42 285
201 679
542 610
189 593
770 917
892 644
7 177
556 970
780 680
648 198
781 648
135 578
465 825
687 441
732 875
650 26
725 129
913 875
699 145
521 863
608 814
363 227
204 84
504 741
735 241
774 558
609 25
22 460
570 989
874 84
752 770
566 860
724 821
694 385
280 623
738 613
78 895
528 860
298 608
114 850
318 497
667 262
522 764
510 10
299 205
113 616
601 843
657 139
273 674
969 296
117 650
665 920
61 125
729 370
566 838
518 77
955 372
947 398
749 376
833 804
215 159
296 520
589 807
511 199
749 338
477 911
10 803
254 317
122 372
187 505
573 746
432 260
106 122
734 163
807 974
227 824
460 576
625 384
515 574
874 701
797 653
507 193
628 279
728 546
926 925
227 775
683 294
522 531
442 615
176 710
418 322
278 160
320 610
158 833
713 177
759 720
84 587
771 545
422 495
460 630
651 324
126 967
273 56
986 405
218 456
4 210
75 739
2 923
943 266
247 29
500 989
639 918
857 922
580 675
74 57
94 408
743 302
176 760
558 998
660 335
666 201
511 252
810 909
416 668
302 613
125 924
577 338
610 118
894 752
568 843
390 663
254 191
843 765
35 656
300 283
918 267
676 792
859 569
979 475
876 997
66 337
77 924
946 466
547 110
477 580
347 8
866 887
616 790
118 88
463 740
22 316
456 83
568 441
378 173
279 114
272 515
782 113
634 93
754 630
508 788
606 118
121 845
271 989
353 940
16 396
74 333
606 710
635 458
294 513
358 812
156 456
947 408
138 676
968 599
100 783
771 668
470 765
439 491
954 402
106 562
