100 290
1 70
65 96
6 99
11 45
24 32
88 40
43 38
3 25
20 100
21 51
16 82
30 14
24 96
83 37
75 56
26 95
49 59
86 53
40 81
83 48
43 80
75 30
46 29
52 25
81 13
37 4
17 24
37 54
59 58
98 100
98 43
27 54
27 18
27 33
3 41
6 41
61 90
87 32
44 84
78 77
81 88
53 38
2 93
84 63
76 67
94 90
51 91
71 79
34 85
41 91
65 1
90 80
42 96
63 24
52 22
52 38
94 44
41 87
29 15
49 64
8 32
17 96
16 8
20 77
46 37
58 47
22 92
39 71
19 45
84 98
83 56
59 82
88 54
75 90
30 35
80 42
51 47
78 57
30 1
50 10
42 81
53 51
89 22
69 55
61 29
15 76
26 28
76 42
10 81
30 25
1 61
20 59
48 8
86 32
44 37
3 85
97 96
47 10
76 69
84 30
86 18
51 35
15 40
23 51
70 34
84 7
68 96
77 3
4 57
2 80
80 21
3 34
86 14
71 16
14 62
64 33
18 50
7 58
13 52
18 31
81 42
91 49
68 52
64 42
79 49
97 42
30 57
33 11
1 99
54 16
83 55
32 80
64 28
37 43
11 85
48 82
13 7
57 32
99 63
70 72
29 73
6 49
72 87
44 18
32 8
98 20
97 3
53 69
68 29
30 7
45 77
10 44
15 5
93 76
22 91
10 53
27 36
43 15
88 9
88 61
22 23
12 100
38 85
4 68
60 94
16 96
51 4
47 54
48 43
27 8
82 14
93 5
33 91
83 61
73 5
100 59
4 71
63 1
13 12
25 12
50 39
24 39
48 93
37 81
75 10
57 27
47 73
8 81
30 45
18 83
92 22
79 90
100 69
3 90
89 13
22 49
2 94
82 47
92 78
72 57
91 26
13 41
79 42
20 67
50 20
49 34
24 89
95 69
5 90
76 51
67 39
18 79
89 32
19 34
86 58
87 93
91 16
20 3
32 48
87 16
14 3
36 2
27 29
97 30
12 31
45 16
35 17
63 60
66 6
60 43
79 99
96 48
98 14
15 46
91 12
49 73
22 67
99 60
75 88
28 79
52 12
26 27
45 33
71 9
71 41
70 75
52 68
16 51
71 46
52 49
97 87
49 60
85 42
33 49
60 98
42 11
60 69
88 36
45 62
70 14
92 20
64 32
97 9
93 67
70 41
45 65
80 19
97 95
77 54
91 31
92 67
72 46
71 54
7 87
14 7
61 1
58 95
80 26
51 5
99 43
13 66
55 90
82 17
82 59
8 45
27 58
55 66
30 73
35 92
72 48
