100 87
9 71
1 73
73 89
79 71
24 7
11 79
35 65
52 51
34 20
1 35
87 23
10 35
38 81
81 8
86 8
12 53
18 20
12 74
36 15
32 80
80 2
24 72
77 62
97 9
1 19
81 31
28 83
87 21
5 36
91 22
43 51
26 61
89 37
46 1
31 45
55 1
33 5
94 47
50 82
98 85
16 5
90 20
41 77
44 66
37 47
35 4
84 60
45 30
10 27
94 99
2 98
49 31
55 83
22 84
61 37
43 72
76 97
67 49
53 92
1 14
7 62
23 63
2 47
96 79
81 20
38 14
57 19
87 33
29 88
68 7
35 42
6 61
77 19
22 68
17 94
20 74
37 5
73 76
67 45
20 72
20 55
27 53
7 87
51 90
65 56
30 25
66 41
