100 128
19 34
51 73
38 24
2 14
93 63
58 61
99 20
91 86
50 35
22 36
92 41
58 57
37 49
46 52
46 56
45 5
79 86
8 17
97 54
25 23
67 82
52 55
14 26
76 8
61 50
79 19
68 88
40 87
75 14
42 88
47 55
74 57
27 15
83 50
37 29
30 5
27 47
79 3
54 45
90 8
72 42
17 73
2 61
92 15
100 98
43 19
47 86
65 44
54 26
89 18
81 39
89 79
27 46
73 62
52 54
89 1
17 98
6 87
93 12
11 44
19 86
99 80
54 35
22 46
26 65
52 24
24 27
23 65
14 10
62 16
98 64
6 12
21 96
65 52
70 3
30 55
9 7
3 28
59 50
53 13
49 51
91 58
76 14
95 87
85 17
35 85
10 32
54 70
42 70
93 40
8 60
55 38
50 16
45 7
53 4
89 96
94 69
35 70
54 71
65 43
73 80
93 79
45 84
62 7
19 31
57 37
10 99
34 85
53 29
10 65
9 54
12 44
28 38
88 91
96 11
43 86
61 57
85 60
4 37
47 7
60 47
84 42
98 100
65 92
53 56
9 8
48 22
84 47
