100 308
60 83
99 52
46 34
17 56
44 39
36 19
16 32
62 36
71 77
79 38
58 36
95 16
95 89
15 25
60 9
12 67
38 46
49 40
16 98
57 91
51 72
75 100
6 23
69 88
50 81
14 6
24 81
55 97
45 15
34 86
14 100
51 100
67 62
72 49
22 61
44 62
3 23
57 13
26 18
11 61
79 96
58 15
90 21
2 69
84 80
14 98
10 50
65 53
49 95
44 68
30 10
69 89
61 49
34 38
47 72
41 1
77 97
25 91
86 5
40 69
68 32
9 70
18 63
91 30
42 44
94 74
7 26
15 7
95 90
57 83
5 85
89 53
18 24
46 99
37 77
37 6
91 74
95 42
63 33
1 84
77 70
54 96
26 49
24 1
3 10
67 64
88 90
47 65
21 67
34 84
2 77
92 57
96 4
11 18
56 17
2 48
34 77
6 42
8 26
77 33
20 10
70 37
26 29
46 2
75 26
47 40
20 52
12 34
54 9
30 1
72 88
87 24
90 33
8 43
46 44
71 36
29 8
4 46
59 84
96 83
100 25
21 31
43 30
59 87
97 20
99 4
93 96
2 59
32 57
95 96
85 79
36 54
92 39
66 47
100 95
38 33
46 72
15 8
100 66
57 85
26 94
77 67
54 91
44 66
74 15
46 95
4 42
3 41
88 17
94 89
66 37
54 36
52 74
76 40
47 1
95 35
32 43
35 90
52 51
13 60
96 76
10 99
62 98
6 89
80 91
45 12
45 83
53 74
64 86
50 73
55 100
38 43
1 90
43 35
62 47
96 66
6 88
83 39
56 13
92 33
32 83
2 92
100 32
26 5
50 84
78 73
98 23
58 42
30 91
29 86
35 49
48 98
29 55
45 60
89 38
93 45
51 84
46 50
78 97
1 92
47 18
14 49
38 31
73 4
90 8
29 35
38 42
89 75
2 89
92 62
82 65
39 76
40 15
37 26
55 91
28 33
40 77
5 39
16 11
95 62
46 36
4 53
51 8
73 33
32 50
24 9
19 37
68 96
17 62
15 89
58 50
59 73
17 69
89 69
60 66
75 30
63 74
86 60
41 89
7 71
68 72
12 57
62 9
85 31
4 28
88 59
41 61
76 84
16 6
42 92
82 41
64 54
26 89
72 39
16 78
81 4
3 52
50 56
7 41
73 66
83 78
81 20
9 47
90 89
33 28
84 18
64 71
98 67
66 29
16 38
80 69
70 10
66 15
29 47
6 19
34 98
10 29
42 61
51 57
41 22
78 51
100 58
54 71
61 62
96 29
25 14
62 33
54 66
87 91
66 34
94 96
35 88
39 49
91 9
54 74
42 63
81 17
64 15
79 74
30 56
92 3
48 28
4 87
41 24
17 91
10 34
37 87
28 39
