100000 2152
72971 75309
48134 47655
71191 2591
83754 57126
80862 89861
65667 71380
47835 93151
15485 50516
654 17364
64668 47359
3951 65570
67613 73244
10499 3900
75260 53789
62285 89503
92175 55253
855 59911
30437 53649
50746 14184
21770 15088
22787 96040
27430 68065
42075 41396
71314 56967
10903 80182
92253 54928
69975 36626
64116 80171
41818 244
38620 58003
39800 22354
5173 10859
78170 49427
22687 2467
60577 9393
90227 52012
79593 19545
68398 15202
58218 18620
21765 26989
98290 32237
29326 69375
30789 32844
88221 50416
37098 63978
20776 4485
16544 27295
30683 67701
78891 28396
50292 33423
59586 32422
98201 23426
88797 75639
10257 34577
53333 75502
64488 35364
25659 93800
83957 57273
16508 78608
13916 77180
1288 24278
35079 90472
94518 74070
46465 91619
34919 94974
61937 76755
8034 44876
7094 77009
48137 1071
65440 29513
55446 99938
60480 79193
91415 38545
82631 27119
17573 30631
54442 25425
17583 71345
31568 16638
67484 57849
25367 47468
16331 52933
17793 979
21476 44228
40089 64742
61705 49429
48123 18377
37988 15251
31187 75439
32774 12609
79342 68631
24275 32385
76909 87175
74943 50373
10378 93461
21734 28950
28054 94197
10491 81800
67016 42492
55732 39601
31674 35101
11106 48418
79254 95584
49552 82012
9810 79317
87739 55597
77032 18128
30401 79412
81195 29203
49550 20581
90661 92770
93785 84548
75535 91966
4355 44832
371 39423
35670 62658
59207 48871
34547 51806
25231 68782
60551 97027
79971 57830
16908 27407
7978 53273
5917 27516
57460 15688
67670 15476
73554 32683
46349 52773
67170 58554
85419 64371
7447 25669
7783 69736
72986 62628
55385 6732
23974 34642
70176 51293
61440 87386
92612 3395
73350 83054
89264 30357
37458 86043
37653 91186
46896 78620
72134 8430
87894 90505
71084 75981
52474 55807
75755 27147
75002 78796
11977 41748
42360 45238
27670 84734
11540 54981
49364 25634
71996 99763
52487 29043
25401 36134
76152 87864
70681 14391
33594 71247
39787 95058
58689 820
71938 81309
91286 99067
69127 55362
11939 7496
97696 15355
73845 65204
94917 38682
947 71253
31091 43987
97132 7335
52108 83900
53458 29259
24692 6679
13430 30875
70124 56742
7641 79594
12198 51903
71144 19436
20926 42832
80240 38707
33857 70882
70705 69290
46214 36782
21044 55662
73158 68518
58021 53970
15901 54719
89748 1719
63687 65390
240 79614
12880 23856
13907 43855
38759 25112
27377 42991
53901 70318
38178 15882
87080 44017
36948 7518
56305 47783
96035 90404
63982 73312
63784 98425
55285 62138
42229 88661
26892 39936
6465 54566
94794 89763
59552 4032
79168 13093
2175 35847
53488 62876
38886 18309
91830 16500
6286 12911
43754 44402
92042 99926
92553 41820
95826 95192
77077 93056
99549 75207
90110 49173
84049 19386
25783 40634
25535 78599
4369 67929
68061 72178
58563 4773
79920 25417
95700 12347
10890 64643
56235 69008
82207 79492
65265 68792
588 36441
10429 93671
45592 57837
73503 90680
74952 2993
65192 9519
99185 6359
46132 99949
43791 34356
85172 31314
77611 52847
93368 57163
14480 75026
65257 46954
98760 82725
53039 56820
6622 77239
38900 34675
54581 74699
78895 30887
6868 60815
87659 9082
55833 71723
65799 74091
44459 73012
67676 56502
76942 17726
99684 50325
95475 19196
56796 10426
24278 22991
24028 25744
10423 45569
41999 16399
15625 83643
1848 40077
32247 60260
40571 52028
82731 64181
89489 27828
72698 21272
21502 26778
86131 35659
73022 68927
67733 72089
56671 18453
10541 59252
24331 12547
9032 95624
9057 42894
17760 20196
51280 12175
31461 85833
34529 73488
80371 71377
8558 71667
66414 46045
39114 93941
30111 90057
76085 48541
14625 52440
20965 79126
94640 27748
41423 77263
83751 88547
33922 98773
47700 58663
5679 34963
23210 79976
12318 60069
94139 88174
17535 43770
46986 61137
47494 60518
34430 71513
54316 98084
46496 17828
9455 12466
39986 4203
27782 46499
54294 20320
26931 29910
76840 57824
86646 99759
68583 33225
97758 45315
66380 34919
64193 78154
17099 59517
72725 42207
77973 25279
11287 72690
88371 90891
36258 66861
28453 95656
40818 83785
3997 54233
27597 49605
59333 70700
95200 23306
88516 39723
98017 25064
99751 18422
85995 82375
56197 58799
75145 3324
68892 45242
80260 69754
17757 66083
16694 92405
88384 73258
45531 4446
36717 75203
45839 76634
74558 99662
1098 53518
65416 23969
35012 54486
57490 38494
82311 38602
65849 43489
85624 99824
34231 24363
3031 769
26084 41557
27206 64251
75438 16842
39469 36599
82250 20002
406 39994
71929 34883
90788 30273
36951 12119
32773 62258
95429 87382
98609 64461
95405 13945
67253 80137
58113 56138
81023 52892
26537 76205
53318 8566
70338 592
55998 69522
53970 45207
45770 35976
152 64905
9795 67592
92828 72169
68508 11135
12651 83970
19971 85945
46145 49813
1446 30916
38437 40389
83337 31735
45388 83104
43729 65860
87978 18733
12291 96472
24771 46046
88336 73200
82990 915
62766 96367
50638 34047
35474 78611
91673 31720
69945 75489
74171 22878
82359 90717
9787 45625
86766 68842
9096 19244
36314 67883
50337 78573
47590 58957
76784 31528
85824 23385
26752 26641
54704 7943
56133 65071
56628 7487
47008 69607
24146 18187
2234 41912
78202 82719
26192 8241
90142 93632
49816 36720
55639 17755
69067 93109
508 68475
40966 43786
53180 61211
28793 91707
42839 69755
7951 30096
54986 69041
16877 93136
31453 89143
46176 8297
55971 56231
30523 6853
27128 65339
50175 65246
35156 58935
5798 49449
17451 71910
662 20257
34956 20224
83314 71077
96096 23883
93829 3825
21132 16587
60993 24262
58107 93993
70016 90030
99489 50617
50426 4917
49176 82886
37326 96523
47358 63806
64625 97646
44274 8791
83728 61963
66946 57733
34934 61216
77580 27023
4507 9547
29406 29483
63305 81988
3101 51967
42718 64823
83245 10200
8767 88023
41192 5652
3920 42603
40149 50544
17742 59374
29119 32828
319 56716
5127 65286
62972 31830
73559 36795
83218 37436
93328 69800
30657 84699
95032 79506
87846 10212
51240 16703
39841 17070
76599 17586
24838 47540
60142 1094
91767 59139
71344 59803
55978 52811
35834 49959
40894 13532
59256 22072
57652 27809
59069 56654
44509 27598
39312 77315
48493 28037
72617 47316
86495 62039
62807 1243
78269 37335
51662 38385
5904 67061
51581 66083
30083 44492
61700 25500
22472 72701
65242 69172
95786 5308
55106 67745
98307 56407
94278 5847
18386 42070
18476 70334
32999 20701
67353 57169
29535 74145
61850 74263
84052 74700
64651 26804
61917 48271
39638 41938
35671 76986
23119 5960
87603 4093
7827 97143
67666 52549
36730 42878
12008 98668
5167 59000
99971 99277
75281 96746
87558 37561
89673 17781
56916 74675
47417 83716
48205 45175
89989 39566
93273 76030
53608 34463
94249 58642
6894 76657
19658 35099
51955 79629
37122 71012
50152 7773
95982 25403
1953 26040
92328 52904
71592 43588
91639 59077
64943 6113
72934 12126
96249 63758
39548 97954
37155 84685
26807 31977
79142 41099
6818 13474
20659 36969
81227 59209
46 59273
25941 9955
33777 84530
27159 75359
65918 19568
37396 14344
78350 22395
54353 63777
29326 14439
75082 8367
91063 82192
26449 83202
8073 99410
97186 76044
31082 81136
64687 87103
93229 17061
28861 72516
49368 72435
10520 81773
41730 21818
85241 91951
31661 37709
96068 60973
2995 30237
82903 51052
97755 79881
13349 73997
40784 56993
68968 91785
24619 63773
25968 93456
72793 1749
7687 63675
89088 34822
9418 58737
76865 76050
31473 65548
53767 72437
98987 66133
87729 28666
49938 215
74307 31170
51485 67870
9635 44348
11008 88243
91260 78568
74122 23633
23017 3094
86027 97614
88121 72062
69891 39329
50884 87773
53119 51392
4544 57812
47811 20206
32159 15692
92103 41006
35703 82190
69043 8890
90741 25787
83616 9715
1826 73307
77908 47954
65140 27554
10485 88567
92342 30500
24808 14846
86955 90690
72769 75956
11605 1514
51525 52034
93863 58733
39903 17338
40182 44169
93449 85708
69101 97795
22628 13076
77732 16529
58504 73541
54921 75459
59121 28665
15570 37093
82490 59055
22699 75974
26689 32519
67202 35180
97619 36334
28818 97877
71664 25566
33247 1375
8785 96713
13210 38856
96345 84522
9062 17894
95426 92975
97461 88927
44138 67429
72545 17526
75180 15734
76084 30299
70792 7982
95100 1887
61703 16530
90762 54566
25410 84036
97169 54800
98964 33569
26469 67352
25793 60261
72243 49572
94934 39903
78739 77908
79009 64852
4892 58814
26145 49631
54415 89677
15200 48262
6092 46883
29131 17047
24548 95104
12285 12110
53729 83343
49694 46244
44933 94751
54116 31852
20067 73742
10500 81339
12705 93276
19187 13993
19936 53890
63644 75014
71948 44891
53723 44417
66868 70409
24068 22595
86268 17774
71809 32479
78103 40241
86737 1035
85424 90080
88334 7897
25271 80475
4407 24651
10601 46822
88340 88662
58060 33266
46790 52095
94660 30137
6782 28637
20479 91636
3585 38717
54063 44075
6100 2134
94293 86265
65472 34089
65962 3510
99302 49837
14069 72677
54036 87489
99798 64187
65443 54891
59705 27504
35828 76591
87100 48608
34523 24387
57445 17549
61508 57271
91807 43169
342 55365
25009 26178
63577 90329
19431 46018
75487 86537
47136 91426
31829 10982
97632 26698
28650 20066
79501 91888
36441 74041
14208 60139
75467 92467
3200 84801
69661 99002
17252 15585
14149 88194
54620 5351
61667 86593
47912 55545
9799 15377
73553 12826
17914 34371
88035 66243
12438 61537
1658 90711
88664 68760
16322 52399
47142 6691
51090 95816
496 45727
85705 96478
64586 72165
28315 49179
16007 99152
8931 44837
14621 12382
48734 6935
67197 23282
51319 12619
73168 90918
95336 85081
50169 48671
49005 40665
82799 87498
63139 10193
28972 73695
67108 65286
3629 34579
17910 94256
9159 27216
22675 50137
47926 30497
65981 86666
69182 29524
24111 79204
790 52781
87628 96122
39856 47840
5236 12387
94419 46791
94903 53676
10321 89084
68954 9985
25011 56084
77450 63857
39974 93514
47182 57841
67707 61775
90357 89981
13483 10027
19788 68001
59503 26124
49395 22286
8926 18821
78218 93169
75847 31398
29237 83114
6392 72510
28259 36418
66791 86108
37876 78279
78311 7226
46365 18187
22915 4465
8811 71198
79971 7568
39599 67026
5136 34663
67379 35898
31214 78400
81592 92296
34117 62334
37872 213
52254 5127
33376 68371
18192 87137
1660 904
945 31005
23263 31029
74725 17113
85202 86962
76598 94022
86600 74636
3954 43122
54028 37075
98308 28163
34015 98111
99084 10889
9508 15315
89074 25600
77714 75292
65445 36095
41058 37559
23993 30816
49813 43539
68454 41594
90160 32003
84752 12953
94099 33115
65003 35510
18974 68994
37788 34720
30751 67724
87114 37023
48279 9365
669 85835
33515 20281
89118 31075
52906 98088
34421 82272
37584 26200
80729 87140
23963 4161
45 11455
82238 47577
83208 75976
88386 60137
37024 96574
19039 4702
51747 64164
19207 57888
77854 29524
12041 13306
55795 36530
7215 47531
59798 55577
4442 9646
76403 33828
27918 96064
5280 91869
38797 88074
84506 66504
18106 78774
33470 57734
44784 23890
52023 50269
89078 86325
37154 40837
2927 44871
35239 96553
23395 29750
40171 23885
69188 45098
98259 4025
20316 50614
65453 83385
99745 34542
10328 36345
67502 24030
31259 78443
79215 8830
65225 86716
8727 37724
77815 13447
82504 46856
3424 9213
36089 46786
91681 58765
29711 65330
62815 14251
78451 53771
73564 86931
68140 58769
70008 56289
41205 65251
92246 88247
50441 62788
73737 76709
96805 77383
11231 92254
19938 63219
68271 47280
93510 69224
30006 87738
45574 48076
88998 28632
7456 19002
80012 81644
22127 50029
83649 70897
38587 92028
33227 13553
79450 82212
24158 71422
62299 36682
89984 6447
24070 43920
83024 25790
71561 28176
12172 19949
25577 1981
46405 50733
55729 21566
91369 93266
96606 23661
47145 66028
30960 26887
73316 10252
37248 64421
98645 91318
740 30829
10943 99930
13947 64600
47293 81847
65459 52
45111 38265
91537 71233
57032 19654
7630 64106
76969 16154
1992 5716
28496 87763
63291 13055
8647 69200
75407 93143
92111 4872
25514 38478
22545 44468
16686 64072
53583 12623
72717 50218
83165 83860
6231 1688
28231 69638
80531 91185
7520 71090
82892 82015
33016 20595
63027 37313
81104 2209
99914 25670
9573 32428
49391 7083
93371 91874
27976 36520
80143 93801
47005 23619
17517 87222
35490 19804
52209 10035
2881 67550
51048 14034
46675 70648
18459 80281
42981 92680
93073 19620
16585 31447
92069 57164
17568 53412
70042 38132
24709 56106
80549 2612
71719 69676
45620 97000
7879 14302
7199 48482
34412 9196
7635 67655
93740 83575
52290 54867
5756 62649
36383 16672
43057 95065
98040 83789
40828 52809
80148 39976
88004 31752
24089 44963
50091 91307
72331 79199
92811 46536
59232 52400
6032 48281
23580 1568
45518 79380
60942 33363
34066 53838
95194 77391
75757 86068
52476 10259
3505 4906
76990 75197
97315 45041
57168 60670
72076 47522
4220 68178
94730 95922
21303 66590
89493 21026
15416 97260
35076 58851
64034 6523
43431 7320
82185 98945
62827 11110
85499 82443
30208 76634
74519 56328
34029 35181
63806 89614
31440 98957
78066 74013
64502 39836
67412 68783
11975 91427
54393 26973
52986 62204
85688 46305
95851 46046
41511 44062
73355 51447
97229 46334
71758 82091
85702 40521
52739 21521
42800 47120
43082 49911
68988 31694
62495 97802
40836 3982
40100 16773
27275 49452
76471 4259
30735 69022
91943 78882
38078 67166
76847 43189
9717 11241
79569 59100
91557 88556
1647 70391
11376 4949
66453 38808
36953 9297
16801 84003
39263 21531
34355 4887
98159 56909
94946 71138
20008 90666
89616 74854
23587 13983
19998 45560
13932 75796
29458 22697
2932 12735
36706 70583
10638 86999
24138 23138
45437 57669
11567 69904
77443 17308
7358 5903
37306 64600
60892 78883
48320 30145
92269 26567
79490 70726
28769 39845
90319 15461
21092 81824
7370 48747
16033 72643
53589 29536
88586 48622
49135 53275
25406 40442
75853 96195
89638 64224
93656 99264
96206 53673
37524 65171
22468 68671
91925 32693
19410 1033
51655 29531
73338 32774
81624 29142
71017 93703
10697 76250
23134 68654
98841 42405
65030 55470
23466 42051
23908 32678
20181 38774
39050 46672
58958 86409
98479 88223
96401 33712
36027 35434
46781 22640
34700 88956
77212 90015
94435 27912
80280 57427
58744 24545
86117 65170
34711 18539
30396 36942
3421 16955
22981 73345
64823 92764
35872 41827
34064 82559
46371 60188
56503 78518
6303 10343
69097 12264
5581 92147
16007 74202
12688 36619
69544 49009
92615 57158
34267 64147
33662 81051
95642 58074
21470 99864
62333 63130
19748 44254
76023 2362
8018 50473
65662 7371
4721 5510
62162 63559
63027 39041
30916 20735
38274 82354
47577 61278
81941 46300
83779 34968
10327 80437
26377 76348
70071 7295
69357 11384
16942 53365
96016 98738
61438 77119
74911 87122
42119 22567
73124 45124
24843 9544
67199 97924
35197 17572
63427 26000
49471 6106
86327 41356
1319 87283
82962 99066
99017 81343
27161 6882
17249 22079
98592 43003
89340 92094
48836 34091
29180 69013
95820 88768
87844 6000
47641 9601
66764 25189
5992 86903
42311 24671
41892 35821
76519 50245
54177 88486
71735 9398
39341 46414
91502 9116
39203 5471
26410 91938
90463 89193
14550 58189
79715 94162
69363 74891
75969 50395
97771 63641
85959 59697
66231 74300
2761 98527
29952 9627
32054 99887
32597 83654
73000 53855
89725 84932
13930 45471
14714 96911
84230 23058
99916 95831
45688 30734
75456 47084
30543 31637
70787 2224
21252 13477
22258 90708
24634 6191
75364 1932
54505 95925
73310 77711
99513 89469
87147 41739
72188 40284
1057 82135
23792 79018
93052 52560
68875 93130
4171 88324
78545 52965
47224 77112
15878 40663
19066 93651
73786 48552
26907 50787
3738 17395
72416 12480
38979 73896
72176 36213
43592 85596
19812 15113
85636 45094
56489 13483
69599 80162
78227 94349
23833 78
78219 94609
81919 93778
10844 25254
8731 40633
57009 61283
49941 16659
93172 22888
30927 74924
85916 17005
43128 38053
30886 11771
10985 17283
36175 84702
86649 50219
81478 46469
35317 63716
835 75299
9929 67298
66275 45189
29148 93600
61421 39619
93281 31558
59500 70133
19227 2106
79322 47276
42966 922
72003 15200
96495 17337
9948 48984
51423 36369
51967 6635
3197 70250
8006 85389
66872 87937
75234 39960
88630 42476
80981 51217
37493 70940
97519 90514
99787 75650
81157 37967
46684 34845
15444 85072
93971 55284
58157 45697
53848 80069
77437 59437
85802 80063
95235 31802
18527 16073
98971 97129
56331 85506
55430 25924
79029 68540
26640 93988
27004 79609
45558 1505
38779 15831
44853 33952
97700 37219
32094 17893
8312 90250
43375 54704
79520 51123
40014 20793
37504 81844
59655 57119
70803 53053
66980 57599
29878 67008
27879 77676
44770 55620
20282 6091
28378 52868
61126 80184
437 75954
18067 76162
60984 10294
43140 11055
78585 87822
39688 74338
55630 92747
53741 82951
61379 36647
46734 24582
77171 96815
89339 31685
79983 95084
50069 71320
54356 85641
47908 998
12281 21153
81219 29370
46909 65967
64279 65260
28860 53339
32492 92245
31757 20919
87733 28415
77692 82255
73491 40552
45595 97403
58968 10052
9453 9403
54744 52379
79824 32884
38743 96006
51389 14318
66598 663
54287 90163
79506 72159
38248 16705
47121 15712
63258 75912
29810 21759
49688 44953
43750 74529
54311 59668
32332 55709
7592 95398
65357 29829
93919 58554
67384 42570
6803 16664
92416 36704
23904 38318
47929 81206
2631 39364
82130 59246
93909 7995
70403 84952
73482 85527
90103 45279
50045 24512
274 17103
92744 27750
41932 84902
2961 84892
41380 10784
3556 87902
31571 9238
8641 33752
647 66455
91053 87582
239 42674
91962 37542
44189 40866
86460 60091
86682 41802
24756 87532
67508 73598
54733 3288
23596 94174
27579 49782
16526 1138
62776 59234
6270 14620
51177 14063
34954 20047
49800 48583
36939 45916
54321 26757
76029 99800
68173 69052
22385 98079
52538 35173
45837 13279
60803 78279
4107 65565
55907 81075
89957 83043
90745 42416
55629 9674
69375 36574
76573 56480
37229 88814
95339 88812
67473 95794
47319 21355
34809 95242
33114 42567
44935 42625
6405 24241
99907 10263
1800 63608
96604 87137
11939 4271
74052 39711
41235 60562
79932 30808
7639 9817
54348 75458
107 58818
95195 44583
20985 26802
27632 10432
45553 44194
38145 78036
79100 43318
70672 53367
27926 69263
28343 94512
53575 61825
14059 60209
27589 22206
48271 23777
12045 77505
12266 82514
1273 3536
41870 70376
45006 96180
83901 81019
62046 85384
54669 38394
5783 6536
47867 89905
95770 33980
1433 20493
77501 99502
7293 74451
75002 66334
54519 88607
74532 75435
26011 92315
19925 32944
76126 36688
49311 69691
52324 5525
43863 25859
26526 16809
78825 71602
83429 37620
84928 65332
21431 46332
13004 48039
39984 76655
59239 99107
55407 82161
72455 74694
18626 90029
65533 28045
6119 4552
5285 26640
71414 89501
68507 13521
35854 84210
56702 88888
44737 91789
77533 4649
48276 81325
24909 84716
72297 60474
34332 84618
41133 45334
54918 21359
72121 18082
23417 2618
77925 15225
74663 97846
89222 87152
57050 12896
88363 55948
35621 3449
20019 87280
48967 93503
38672 71921
83905 53582
19171 1742
56191 92643
40678 71355
98828 34363
43839 71091
39396 5574
89244 80289
9685 35065
23483 6636
43988 76927
10539 19330
17486 16263
50373 37668
72770 68682
66499 92475
62866 26998
9627 95821
23157 29116
71484 58122
18220 72788
33764 74741
4762 35830
18010 10953
71467 59531
53809 18060
84900 77343
37818 54473
50958 93390
92071 92061
12405 65237
12003 14279
74099 23441
86337 25228
15261 16193
42010 38197
7080 52921
74581 44711
43072 36615
25121 74772
52886 75090
56543 78390
69059 48074
94304 80285
24486 51054
97536 63647
52794 49108
6121 26307
89376 75869
21457 28974
28333 92073
95900 1510
53490 76469
64342 28807
29024 73230
21962 53041
31439 45166
4172 31531
51651 17421
79652 22500
74682 59252
31290 78189
65265 32372
99580 91215
11845 73337
5511 77262
85890 77866
25636 70238
27571 18180
56536 37582
53598 9960
38778 73107
12994 62215
57081 73432
89739 27666
50083 72013
46710 91241
88822 76498
46303 58606
7501 46123
90159 4720
32345 44099
77932 53635
248 89874
94868 46768
21760 48484
5387 67481
87676 37407
42067 55804
95104 48441
16825 45012
22134 12636
62123 72612
19616 56777
25805 37414
44713 39705
69600 95176
54710 19376
82914 10922
27447 42653
2619 81670
83470 77632
12153 42766
75219 94222
59573 84948
51363 141
73391 89751
59886 96480
92323 51255
88344 2731
44677 32917
6878 66287
51236 1419
18817 66073
29460 71975
52986 12955
81589 71835
25463 9588
84526 57467
92105 71225
31962 17589
58773 52352
98656 3806
3490 18822
47114 41487
64026 12912
44199 97471
41224 44274
32930 27691
3688 60460
91433 41703
40606 26872
13753 331
59773 14257
31386 93604
14424 57666
60350 64805
49441 25905
16701 85873
19129 64098
28508 8322
61566 47713
48657 96779
67214 69732
52695 44601
87799 96231
51145 45669
56505 26948
2162 55081
45363 7516
90973 84623
31226 28792
41946 44046
253 6968
76209 47180
54735 44163
48797 56226
49833 38150
5947 11735
10038 10771
22318 3597
26582 53814
35378 37439
99043 5567
55841 6240
78654 78089
15911 82530
2646 64603
82029 43101
90987 2852
94813 87297
18544 31708
52315 4124
6215 79842
37600 68442
12266 82491
79707 12551
25968 61724
84524 30023
73064 53617
38744 13112
26027 50071
62222 49763
2039 32948
8848 43114
94485 14309
32105 1323
43584 76602
33454 18504
68659 571
35997 5932
99201 18520
74330 33981
71944 71146
52523 23894
82272 15083
9408 99752
21616 58179
60487 43220
92338 86513
71399 76535
64874 18651
40330 59536
3003 87097
63235 33945
23136 89111
77793 65838
26806 52008
79965 11897
44710 53481
77182 3736
89056 66223
74866 54280
65484 37159
39613 51967
76068 32019
71163 3067
71645 5200
88430 67470
20400 3321
494 44323
46795 87634
59469 74954
50638 47656
54609 58719
73308 65528
82900 62694
31256 67001
21388 4104
89271 10082
88168 92199
52223 7011
7321 88493
19556 25610
68623 18517
64165 57009
70024 29601
63048 16779
98856 99861
92877 26934
77197 39776
60717 38210
86533 95846
379 83948
63928 86861
91352 72808
4325 83435
76569 47561
37654 89250
71135 52943
39789 28922
77443 56913
79781 6218
60317 62662
53039 43279
92411 99453
66572 17040
95126 16589
37553 67859
37491 9711
60743 22534
87140 29361
32809 48665
29292 33544
90944 77390
73595 26022
63896 1865
44100 85980
17747 10528
78729 83220
82066 81839
32051 54604
65948 98028
99049 93583
65247 23826
21848 98567
37932 28232
35092 6400
37032 93372
65274 81679
19854 29402
42120 12986
66317 95750
7136 81102
25439 35521
66073 26984
61004 38756
19120 38342
9805 1140
47121 37753
39098 60458
21629 19530
36890 72096
70138 55319
24774 10066
67710 6248
74124 8162
76402 98631
90671 81876
83875 24484
79016 95793
27492 46220
22165 69510
14553 60783
30841 66720
65020 35848
55399 65808
99500 90780
33719 366
68283 68225
83287 53508
6523 89075
54347 50364
88092 51333
50379 28268
49711 12705
77288 25919
67098 77371
5708 77428
62413 93017
66235 69825
93743 15088
92376 30591
75646 86256
16883 2637
61314 33795
78881 54201
3100 89869
92567 94774
28742 12889
72429 44574
14095 92886
82550 91369
14850 7727
30338 85706
87414 41622
78727 42232
56528 22917
3339 95570
50402 21137
51661 35562
11843 92512
38039 90448
42075 31229
24929 52391
87630 67265
82162 17637
88407 88228
34223 50236
39120 39295
11545 96391
76108 18300
77767 13570
83868 80013
91247 25753
99387 18592
12111 65951
34326 23612
2634 80169
14395 65507
57221 12462
87416 47649
86404 77754
14067 19040
72806 38846
93609 73485
90451 89414
36359 9759
1077 94552
78547 40363
42286 57038
27858 78586
47048 74832
55465 83831
4016 61252
99981 24136
43267 61809
65831 40053
22416 75827
15384 67988
50905 6417
13608 18896
92823 39420
94907 89317
54185 91986
52214 53061
68761 80788
91610 70502
24274 89591
93960 70431
84124 20861
45827 77661
14938 34977
76278 12742
94620 13253
1476 9961
99309 91132
68558 45143
57193 97113
46089 94254
4057 64816
12085 92676
57207 57286
26743 4162
34601 5398
72434 18941
85543 26317
61830 66532
10236 85935
52274 49713
66003 72812
16770 76227
52723 62969
63964 18426
62289 91888
63932 34035
11725 86028
25997 14252
59139 46865
97829 19911
59456 35802
92104 96798
29245 49715
98825 54358
99295 99211
73988 89585
59528 5397
86295 30518
39977 55976
20463 45049
34325 75495
8155 68808
28222 30188
99734 81267
28248 22402
95029 53343
33896 22613
20827 52859
70630 26953
25043 71511
4503 20532
92237 10904
78931 83131
29465 28267
26846 95743
20228 21533
99543 1020
98042 53774
10104 261
23151 44598
78794 31354
29199 68038
36166 94984
10446 66897
7299 70102
15284 74249
35317 12321
11141 60822
68743 50368
39855 92291
13855 15498
62839 16678
10959 14377
4302 43502
6338 8923
83512 87593
40766 34213
64636 71072
8015 20236
76641 95538
54585 31170
87249 11915
31548 45196
18131 10465
243 5417
40909 41343
58218 40113
84384 21210
38945 3432
73294 81360
824 48687
30561 84019
37807 47273
59018 43372
7496 90567
7315 14206
58052 75441
1357 19997
2855 85721
7763 60552
65965 24107
11572 22049
25846 14411
62872 44189
31472 90629
96045 38203
45932 74608
87365 58076
26586 46513
49566 30452
79110 15904
14499 4270
96124 10569
26758 71143
70855 75946
45644 28075
21603 40996
48805 5521
84218 39160
52169 83411
35035 12250
72517 36247
13146 74934
69948 60936
12001 79696
4656 9712
82427 68203
17328 77943
55131 92778
27488 3842
52044 14358
17521 51534
29383 21243
5896 79019
9208 57786
24842 99881
20006 39986
12984 72776
68902 99576
72828 3542
51055 9317
71761 87613
8761 670
65534 9705
72798 56783
39829 15659
60998 86880
39029 1726
31911 62973
84888 47949
63629 92089
43846 57245
7870 20519
69901 54123
96480 59210
48425 92091
82493 27969
19211 67491
63776 38654
79780 99620
79380 15861
17102 46544
22886 7307
40334 83428
7115 63018
9683 14675
80828 89862
39593 6629
15323 28511
99756 33490
89212 1553
55442 7029
54340 54694
15578 44210
52901 8508
83613 38727
3826 9425
19067 24428
76614 89070
78473 52649
99068 62693
31413 16109
20426 43536
34963 89444
8829 59914
20659 26241
48142 51978
42765 19406
69221 824
52526 69026
78573 40785
19854 42655
52266 76987
53667 8882
63594 95845
78773 27869
72119 46788
99597 14214
57238 12451
84337 42369
52132 75403
86129 86160
52227 16729
45537 88289
21147 84007
76348 8107
98008 23139
67391 55303
12572 81201
48662 54748
7299 44062
87963 45490
26823 63728
36618 42069
63119 40969
79128 33735
8273 79523
31572 39909
73645 30277
19332 20279
