100 320
86 34
18 21
88 69
37 58
46 57
47 77
6 21
36 91
27 62
73 67
16 59
2 44
30 76
39 88
65 88
82 66
18 71
4 27
15 80
19 59
13 4
21 64
48 84
28 77
20 64
75 80
91 98
34 12
32 53
45 73
27 43
18 64
73 92
93 58
16 44
8 94
68 8
85 88
4 33
57 26
48 69
9 96
92 6
66 29
51 39
79 90
43 10
61 69
87 63
23 80
6 35
92 37
87 85
65 75
8 22
62 25
82 35
19 42
3 26
100 31
16 66
39 89
53 68
48 72
72 52
40 34
38 42
21 10
74 64
83 53
45 25
67 22
66 74
99 86
70 63
33 98
7 59
61 47
82 1
40 78
24 21
71 49
52 39
73 65
63 1
21 90
92 1
22 79
80 97
15 99
58 81
94 61
56 29
92 63
16 94
59 81
51 65
80 24
48 13
74 96
62 86
52 74
83 19
14 22
9 22
91 77
45 76
25 1
30 21
63 40
61 19
92 86
21 51
20 50
67 25
78 57
25 6
80 49
57 9
18 27
42 90
93 68
52 94
71 26
30 44
44 6
19 28
16 75
17 95
9 92
29 27
3 61
70 93
92 100
62 89
7 23
63 84
32 65
1 83
91 55
73 91
16 52
58 79
96 9
12 43
95 44
81 87
94 12
35 50
19 17
18 90
91 62
57 55
85 27
63 22
1 44
100 87
38 8
4 75
76 87
27 74
100 28
68 90
68 31
100 61
21 94
19 89
86 27
82 81
25 96
65 26
92 52
13 92
61 85
23 22
89 85
63 62
38 92
22 89
80 13
14 97
59 68
61 79
74 27
92 33
31 50
89 3
24 30
84 86
53 44
76 44
65 39
47 11
24 76
1 10
78 45
73 17
3 85
14 48
37 66
63 57
26 63
88 82
90 6
92 56
76 36
11 2
94 87
13 81
4 97
33 71
34 38
16 23
39 10
100 25
6 71
59 89
79 60
86 2
7 43
21 14
4 93
83 28
59 35
7 64
52 98
51 9
55 75
97 84
29 74
34 36
22 50
15 27
17 2
83 62
25 37
7 5
39 94
20 77
26 32
71 76
24 22
8 74
63 78
22 35
17 5
42 98
5 55
89 70
84 71
33 36
16 4
17 45
50 56
23 64
69 48
30 45
1 20
62 93
46 3
24 35
68 69
25 21
86 60
30 10
94 63
6 63
27 54
91 84
85 25
76 90
60 58
95 94
49 31
19 52
51 10
66 51
65 67
54 10
55 50
1 70
39 69
93 84
38 63
98 79
69 34
91 51
31 67
72 85
28 7
67 62
44 65
18 51
89 31
77 59
88 4
77 79
38 24
20 25
35 31
80 7
20 40
25 8
46 81
35 37
54 74
69 54
51 32
46 45
35 51
36 81
41 38
51 41
14 37
7 71
99 57
71 51
14 65
21 43
54 12
